moder
 20 -21 /
reconr
 -21 -22 /
 'pendf tape for2034' /
 2034 /
 0.0005 /
 0 /
broadr
 -21 -22 -23 /
 2034 /
 0.0005 /
 293.6 /
 0 /
thermr
 0 -23 -24 /
 0 2034 10 1 1 0 0 1 221 1 /
 293.6 /
 0.005 4 /
groupr
 -21 -24 0 -30 /
 2034 1 6 7 8 /
 'group structure of 2034' /
 293.6 /
 10000000.0 /
 260 /
 1.000000e-05 2.000000e-04 2.929734e-04 4.291671e-04
 6.286727e-04 9.209218e-04 1.349028e-03 1.976147e-03
 2.894792e-03 4.240485e-03 6.211746e-03 9.099382e-03
 1.332938e-02 1.952578e-02 2.860267e-02 4.189910e-02
 6.137661e-02 8.990856e-02 1.317041e-01 1.929290e-01
 2.826153e-01 4.139938e-01 5.315785e-01 6.279859e-01
 6.825604e-01 8.336811e-01 8.764249e-01 1.125352e+00
 1.444980e+00 1.855392e+00 2.382370e+00 3.059023e+00
 3.927864e+00 5.043477e+00 6.475953e+00 8.315288e+00
 1.067704e+01 1.370959e+01 1.760346e+01 2.260329e+01
 2.902320e+01 3.726653e+01 4.785118e+01 6.144213e+01
 7.889325e+01 1.013009e+02 1.300730e+02 1.670170e+02
 2.144541e+02 2.753645e+02 3.535750e+02 4.539993e+02
 5.829467e+02 7.485183e+02 9.611166e+02 1.234098e+03
 1.363889e+03 1.507331e+03 1.584613e+03 1.665858e+03
 1.841058e+03 2.034684e+03 2.248673e+03 2.485168e+03
 2.612586e+03 2.746536e+03 2.863392e+03 3.035392e+03
 3.354626e+03 3.707436e+03 4.097350e+03 4.307426e+03
 4.528272e+03 5.004515e+03 5.530844e+03 6.267267e+03
 7.101744e+03 8.047331e+03 9.118820e+03 1.033298e+04
 1.170880e+04 1.326780e+04 1.503439e+04 1.703620e+04
 1.930454e+04 2.133482e+04 2.187491e+04 2.357862e+04
 2.417552e+04 2.478752e+04 2.605841e+04 2.808794e+04
 3.182781e+04 3.430669e+04 3.517517e+04 3.606563e+04
 4.086771e+04 4.630919e+04 5.247519e+04 5.656217e+04
 5.946218e+04 6.251087e+04 6.737947e+04 7.635095e+04
 8.651695e+04 9.803655e+04 1.110900e+05 1.167857e+05
 1.227734e+05 1.290681e+05 1.356856e+05 1.426423e+05
 1.499558e+05 1.576442e+05 1.616350e+05 1.657268e+05
 1.699222e+05 1.742238e+05 1.831564e+05 1.925470e+05
 2.024191e+05 2.127974e+05 2.237077e+05 2.351775e+05
 2.472353e+05 2.599113e+05 2.732372e+05 2.801542e+05
 2.872464e+05 2.945181e+05 3.019738e+05 3.096183e+05
 3.174564e+05 3.337327e+05 3.508436e+05 3.688317e+05
 3.877421e+05 4.076221e+05 4.285213e+05 4.504920e+05
 4.735892e+05 4.978707e+05 5.104743e+05 5.233971e+05
 5.366469e+05 5.502322e+05 5.784432e+05 6.081006e+05
 6.392786e+05 6.720551e+05 7.065121e+05 7.427358e+05
 7.808167e+05 8.208500e+05 8.629359e+05 9.071796e+05
 9.536916e+05 9.616722e+05 9.778344e+05 1.002588e+06
 1.053992e+06 1.108032e+06 1.164842e+06 1.194330e+06
 1.224564e+06 1.287349e+06 1.353353e+06 1.422741e+06
 1.495686e+06 1.533550e+06 1.572372e+06 1.612176e+06
 1.652989e+06 1.737740e+06 1.826835e+06 1.873082e+06
 1.920499e+06 1.969117e+06 2.018965e+06 2.122480e+06
 2.231302e+06 2.268802e+06 2.306932e+06 2.345703e+06
 2.365332e+06 2.385126e+06 2.425211e+06 2.465970e+06
 2.592403e+06 2.725318e+06 2.865048e+06 3.011942e+06
 3.088190e+06 3.166368e+06 3.246525e+06 3.328711e+06
 3.499378e+06 3.678794e+06 3.867410e+06 4.065697e+06
 4.274150e+06 4.493290e+06 4.607038e+06 4.723666e+06
 4.843246e+06 4.965853e+06 5.220458e+06 5.488116e+06
 5.769498e+06 5.915554e+06 6.065306e+06 6.218850e+06
 6.376282e+06 6.537698e+06 6.592406e+06 6.647572e+06
 6.703200e+06 6.872893e+06 7.046881e+06 7.225274e+06
 7.408182e+06 7.595722e+06 7.788008e+06 7.985162e+06
 8.187308e+06 8.394570e+06 8.607080e+06 8.824969e+06
 9.048374e+06 9.277435e+06 9.512294e+06 9.753099e+06
 1.000000e+07 1.025315e+07 1.051271e+07 1.077884e+07
 1.105171e+07 1.133148e+07 1.161834e+07 1.191246e+07
 1.221403e+07 1.252323e+07 1.284025e+07 1.316531e+07
 1.349859e+07 1.384031e+07 1.419068e+07 1.454991e+07
 1.491825e+07 1.529590e+07 1.568312e+07 1.608014e+07
 1.648721e+07 1.690459e+07 1.733253e+07 1.777131e+07
 1.822119e+07 1.868246e+07 1.915541e+07 1.964033e+07
 2.000000e+07 /
 3 /
 3 221 /
 6 /
 6 221 /
 21 /
 22 /
 23 /
 24 /
 25 /
 26 /
 16 /
 0 /
 0 /
moder
 -30 31 /
stop